%YAML:1.0
---

model_type: KANNALA_BRANDT
camera_name: kannala-brandt
image_width: 640
image_height: 480
projection_parameters:
# # YAML2.2
   k2: -0.004653866841458826
   k3: 0.029782495370867353
   k4: -0.0262667823056477
   k5: 0.007987788658101964
   mu: 274.689991386618
   mv: 274.085560671071
   u0: 323.13106794633933
   v0: 238.53088118328694

