%YAML:1.0
---

model_type: KANNALA_BRANDT
camera_name: kannala-brandt
image_width: 640
image_height: 480
projection_parameters:
# YAML2.3
   k2: -0.00369319540867051
   k3: 0.02652829726529681
   k4: -0.023760270055312338
   k5: 0.007255753893441256
   mu: 275.11805933847256
   mv: 274.60255659365913
   u0: 321.64341002425016
   v0: 237.18352284617043


