%YAML:1.0
# # trifo 3058
# 根据calib_PI_3058.json进行的编写


#common parameters
#support: 1 imu 1 cam; 1 imu 2 cam: 2 cam; 
imu: 0         
num_of_cam: 2  

imu_topic: "/imu0"
image0_topic: "/cam0/image_raw"
image1_topic: "/cam1/image_raw"
output_path: "/home/kuan/4VINS_test/result/trifo/3058test1/"

cam0_calib: "cam0_KB.yaml"
cam1_calib: "cam1_KB.yaml"
image_width: 640
image_height: 480
   

# Extrinsic parameter between IMU and Camera.
estimate_extrinsic: 1   # 0  Have an accurate extrinsic parameters. We will trust the following imu^R_cam, imu^T_cam, don't change it.
                        # 1  Have an initial guess about extrinsic parameters. We will optimize around your initial guess.

body_T_cam0: !!opencv-matrix
   rows: 4
   cols: 4
   dt: d
   data: [1, 0, 0, -0.05939,
           0, 1, 0, -0.002,
           0, 0, 1, 0.0649097,
           0, 0, 0, 1]


        # [0.9999938694601329, -0.00304223673095097, 0.0017337352229920533, 0.06483855093944646,
        # 0.0030397642299436764, 0.9999943617828642, 0.0014269673817616365, -0.0003969383435202577,
        # -0.0017380666203990788, -0.001421688487366175, 0.9999974789599563, -0.00012425308330352072,
        #    0, 8.673617379884035e-19, -2.710505431213761e-20, 0.9999999999999998]

body_T_cam1: !!opencv-matrix
   rows: 4
   cols: 4
   dt: d
   data: [0.999993869460133,-0.00304223673095097,0.00173373522299205,0.00544855093944648,
0.00303976422994368,0.999994361782864,0.00142696738176164,-0.00239693834352026,
-0.00173806662039908,-0.00142168848736618,0.999997478959956,0.0647854469166965,
0,8.67361737988404e-19,-2.71050543121376e-20,1.00000000000000]


#Multiple thread support
multiple_thread: 1

#feature traker paprameters
max_cnt: 150            # max feature number in feature tracking
min_dist: 30            # min distance between two features 
freq: 10                # frequence (Hz) of publish tracking result. At least 10Hz for good estimation. If set 0, the frequence will be same as raw image 
F_threshold: 1.0        # ransac threshold (pixel)
show_track: 1           # publish tracking image as topic
flow_back: 1            # perform forward and backward optical flow to improve feature tracking accuracy

#optimization parameters
max_solver_time: 0.04  # max solver itration time (ms), to guarantee real time
max_num_iterations: 8   # max solver itrations, to guarantee real time
keyframe_parallax: 10.0 # keyframe selection threshold (pixel)
