%YAML:1.0
---
# YAML2.0
# 根据get_img_params更改后的
# YAML2.1
# 根据自己标定结果更改后的，像素误差为（1,0.5）
# YAML2.2
# 根据自己标定结果更改后的，像素误差为（0.5,0.5）
model_type: KANNALA_BRANDT
camera_name: kannala-brandt
image_width: 640
image_height: 400
projection_parameters:
# # YAML2.2
   k2: 0.3675007648262322
   k3: 1.1469033618156825
   k4: -2.425294170805883
   k5: 1.4208032887644921
   mu: 202.52640118007807
   mv: 203.27850329994476
   u0: 323.21428312692973
   v0: 201.3565480652108

# # YAML2.2
#    k2: 0.38456645271540635
#    k3: 0.7498395400105461
#    k4: -1.3566580251290454
#    k5: 0.6320185555660361
#    mu: 194.19059690742043
#    mv: 195.05460275115522
#    u0: 320.99375847287916
#    v0: 203.00477231115602

# # YAML2.0
#    k2: 0.46421739776332971
#    k3: 0.58510861819031945
#    k4: -1.18380389467667313
#    k5: 0.55051197937955665
#    mu: 200.82953434882676902
#    mv: 201.14928329904344650
#    u0: 323.51872026457806442
#    v0: 201.22147882139518060