%YAML:1.0
---
# YAML2.0
# 根据get_img_params更改后的
# YAML2.1
# 根据自己标定结果更改后的，像素误差为（1,0.5）
# YAML2.2
# 根据自己标定结果更改后的，像素误差为（0.5,0.5）
model_type: KANNALA_BRANDT
camera_name: kannala-brandt
image_width: 640
image_height: 400
projection_parameters:

# YAML2.3
   k2: 0.479888676451485
   k3: 0.6103459337879366
   k4: -1.3365706683073786
   k5: 0.6869118968173185
   mu: 202.61065909825393
   mv: 203.00378081032514
   u0: 307.3658876679685
   v0: 199.81670013380676

# # YAML2.1
#    k2: 0.4638042291607265
#    k3: 0.547127569528997
#    k4: -1.1464230380353748
#    k5: 0.5589323169024925
#    mu: 197.8445632026525
#    mv: 198.3106705469103
#    u0: 306.47717583769474
#    v0: 200.4490823090376

# # YAML2.0
#    k2: 5.0051883909882966e-01
#    k3: 4.7831831670878266e-01
#    k4: -1.0260328043647022e+00
#    k5: 4.7788022707164263e-01
#    mu: 2.0149874030881296e+02
#    mv: 2.0143977718474579e+02
#    u0: 3.0700858039656879e+02
#    v0: 1.9968342930507902e+02