%YAML:1.1
# YAML：3.0
# 修改记录：# kuan（10.21）：
#     根据自己标定的camera+imu调整参数

#common parameters
#support: 1 imu 1 cam; 1 imu 2 cam: 2 cam; 
imu: 1         
num_of_cam: 2  

imu_topic: "/mynteye/imu/data_raw"
image0_topic: "/mynteye/left/image_raw" 
image1_topic: "/mynteye/right/image_raw"
output_path: "/home/kuan/2data/mynt_data/s1030/video/result_test2" 


image_width: 752
image_height: 480

#Multiple thread support
multiple_thread: 1

#feature traker paprameters
max_cnt: 150            # max feature number in feature tracking
min_dist: 30            # min distance between two features 
freq: 10                # frequence (Hz) of publish tracking result. At least 10Hz for good estimation. If set 0, the frequence will be same as raw image 
F_threshold: 1.0        # ransac threshold (pixel)
show_track: 1           # publish tracking image as topic
flow_back: 1            # perform forward and backward optical flow to improve feature tracking accuracy

#optimization parameters
max_solver_time: 0.04  # max solver itration time (ms), to guarantee real time
max_num_iterations: 8   # max solver itrations, to guarantee real time
keyframe_parallax: 10.0 # keyframe selection threshold (pixel)

#imu parameters       The more accurate parameters you provide, the better performance
acc_n: 1.1110843076171795e-02        # accelerometer measurement noise standard deviation. #0.599298904976
gyr_n: 8.3181712928626962e-04        # gyroscope measurement noise standard deviation.     #0.198614898699
acc_w: 2.0840812226480051e-04        # accelerometer bias random work noise standard deviation.  #0.02
gyr_w: 2.0598476212707351e-05        # gyroscope bias random work noise standard deviation.     #4.0e-5
g_norm: 9.81007     # gravity magnitude

#unsynchronization parameters
estimate_td: 1                      # online estimate time offset between camera and imu
td: 0.0                             # initial value of time offset. unit: s. readed image clock + td = real image clock (IMU clock)

#loop closure parameters
load_previous_pose_graph: 0        # load and reuse previous pose graph; load from 'pose_graph_save_path'
pose_graph_save_path: "/home/kuan/2data/mynt_data/s1030/video/result_test2" # save and load path
save_image: 1                   # save image in pose graph for visualization prupose; you can close this function by setting 0


# Extrinsic parameter between IMU and Camera.
estimate_extrinsic: 0   # 0  Have an accurate extrinsic parameters. We will trust the following imu^R_cam, imu^T_cam, don't change it.
                        # 1  Have an initial guess about extrinsic parameters. We will optimize around your initial guess.

use_mynteye_adapter: 0
# mynteye_imu_srv: "s2"

# ==================================================================
# Following contents will be auto adapter when you use mynteye sdk.
# ==================================================================


# #YAML:3.0
# 这个是使用   T_ic:  (cam0 to imu0):  和   T_ic:  (cam1 to imu0):    
#test2
# body_T_cam0: !!opencv-matrix
#    rows: 4
#    cols: 4
#    dt: d
#    data: [ -0.00102194, -0.99996762, -0.00798207,  0.00446187, 
#             0.99993218, -0.00111445,  0.01159305, -0.04443589,
#             -0.01160157, -0.00796969,  0.99990094,  0.02344622, 
#             0., 0., 0., 1. ]
# body_T_cam1: !!opencv-matrix
#    rows: 4
#    cols: 4
#    dt: d
#    data: [ -0.00428338, -0.9999745,  -0.00571392,  0.0041298 , 
#             0.9999616,  -0.00432687,  0.00762121,  0.07727372, 
#             -0.00764574, -0.00568105,  0.99995463,  0.02311111, 
#             0., 0., 0., 1. ]
#test1
body_T_cam0: !!opencv-matrix
   rows: 4
   cols: 4
   dt: d
   data: [  5.4241068394145220e-04, -0.999994320156432, -0.00332647644285764,  0.010648388405989, 
            0.999914934423383, 0.000499011391976944,  0.0130336067422294, -0.0446200079532805,
            -0.0130318727637419, -0.00333326304176821,    0.999909525732085, 0.0146395756187666, 
            0., 0., 0., 1. ]
body_T_cam1: !!opencv-matrix
   rows: 4
   cols: 4
   dt: d
   data: [  -3.0304241947762822e-03, -0.999979481002663, -0.00564394390864321,  0.00974888735283428, 
            0.999935388431275,-0.00309203006287894, 0.0109388442207247, 0.0745469736698372, 
            -0.010956071010848, -0.0056104299063841,  0.999924240922416, 0.0143569696055116, 
            0., 0., 0., 1. ]


cam0_calib: "params_left_my.yaml"
cam1_calib: "params_right_my.yaml"

